Delta FASER (All four stations are shifted by this to approximate Faser coordinate system origin):  Vector (0.006016124530863248, 268.96422105806727, 1228.6941899444103)
Corrected sensor positions and offsets from nominal with DeltaFaser shift as above:
[0, 0, 0, -1, 0] : [   -60.809,   -96.668, -1917.667  ]  :  [     1.191,    -1.058,   -28.447  ] 
[0, 0, 0, -1, 1] : [   -60.799,   -96.663, -1918.932  ]  :  [     1.201,    -1.053,   -28.822  ] 
[0, 0, 0, 1, 0] : [    63.335,   -96.264, -1921.969  ]  :  [     1.335,    -0.654,   -27.889  ] 
[0, 0, 0, 1, 1] : [    63.325,   -96.269, -1920.704  ]  :  [     1.325,    -0.659,   -27.504  ] 
[0, 0, 1, -1, 0] : [   -60.818,   -32.859, -1926.593  ]  :  [     1.182,    -0.989,   -28.543  ] 
[0, 0, 1, -1, 1] : [   -60.828,   -32.864, -1925.328  ]  :  [     1.172,    -0.994,   -28.158  ] 
[0, 0, 1, 1, 0] : [    62.997,   -32.543, -1912.417  ]  :  [     0.997,    -0.673,   -27.167  ] 
[0, 0, 1, 1, 1] : [    63.007,   -32.538, -1913.682  ]  :  [     1.007,    -0.668,   -27.552  ] 
[0, 0, 2, -1, 0] : [   -61.231,    30.841, -1917.127  ]  :  [     0.769,    -1.029,   -27.907  ] 
[0, 0, 2, -1, 1] : [   -61.221,    30.846, -1918.392  ]  :  [     0.779,    -1.024,   -28.282  ] 
[0, 0, 2, 1, 0] : [    62.902,    31.203, -1921.477  ]  :  [     0.902,    -0.667,   -27.397  ] 
[0, 0, 2, 1, 1] : [    62.893,    31.198, -1920.212  ]  :  [     0.893,    -0.672,   -27.012  ] 
[0, 0, 3, -1, 0] : [   -61.195,    94.636, -1926.163  ]  :  [     0.805,    -0.974,   -28.113  ] 
[0, 0, 3, -1, 1] : [   -61.205,    94.631, -1924.898  ]  :  [     0.795,    -0.979,   -27.728  ] 
[0, 0, 3, 1, 0] : [    62.552,    94.984, -1911.923  ]  :  [     0.552,    -0.626,   -26.673  ] 
[0, 0, 3, 1, 1] : [    62.562,    94.989, -1913.188  ]  :  [     0.562,    -0.621,   -27.058  ] 
[0, 1, 0, -1, 0] : [   -61.002,  -101.819, -1886.191  ]  :  [     0.998,    -1.209,   -28.471  ] 
[0, 1, 0, -1, 1] : [   -60.992,  -101.814, -1887.456  ]  :  [     1.008,    -1.204,   -28.846  ] 
[0, 1, 0, 1, 0] : [    63.137,  -101.436, -1890.451  ]  :  [     1.137,    -0.826,   -27.871  ] 
[0, 1, 0, 1, 1] : [    63.127,  -101.441, -1889.186  ]  :  [     1.127,    -0.831,   -27.486  ] 
[0, 1, 1, -1, 0] : [   -61.075,   -38.039, -1895.117  ]  :  [     0.925,    -1.169,   -28.567  ] 
[0, 1, 1, -1, 1] : [   -61.287,   -38.040, -1893.853  ]  :  [     0.713,    -1.170,   -28.183  ] 
[0, 1, 1, 1, 0] : [    62.749,   -37.708, -1880.978  ]  :  [     0.749,    -0.838,   -27.228  ] 
[0, 1, 1, 1, 1] : [    62.759,   -37.703, -1882.243  ]  :  [     0.759,    -0.833,   -27.613  ] 
[0, 1, 2, -1, 0] : [   -61.415,    25.620, -1885.655  ]  :  [     0.585,    -1.250,   -27.935  ] 
[0, 1, 2, -1, 1] : [   -61.406,    25.625, -1886.920  ]  :  [     0.594,    -1.245,   -28.310  ] 
[0, 1, 2, 1, 0] : [    62.727,    25.997, -1890.000  ]  :  [     0.727,    -0.873,   -27.420  ] 
[0, 1, 2, 1, 1] : [    62.718,    25.992, -1888.735  ]  :  [     0.718,    -0.878,   -27.035  ] 
[0, 1, 3, -1, 0] : [   -61.419,    89.474, -1894.624  ]  :  [     0.581,    -1.136,   -28.074  ] 
[0, 1, 3, -1, 1] : [   -61.428,    89.469, -1893.359  ]  :  [     0.572,    -1.141,   -27.689  ] 
[0, 1, 3, 1, 0] : [    62.338,    89.813, -1880.467  ]  :  [     0.338,    -0.797,   -26.717  ] 
[0, 1, 3, 1, 1] : [    62.348,    89.818, -1881.732  ]  :  [     0.348,    -0.792,   -27.102  ] 
[0, 2, 0, -1, 0] : [   -61.349,   -91.986, -1854.661  ]  :  [     0.651,    -1.376,   -28.441  ] 
[0, 2, 0, -1, 1] : [   -61.339,   -91.981, -1855.926  ]  :  [     0.661,    -1.371,   -28.816  ] 
[0, 2, 0, 1, 0] : [    62.802,   -91.554, -1858.985  ]  :  [     0.802,    -0.944,   -27.905  ] 
[0, 2, 0, 1, 1] : [    62.793,   -91.559, -1857.720  ]  :  [     0.793,    -0.949,   -27.520  ] 
[0, 2, 1, -1, 0] : [   -61.357,   -28.060, -1863.591  ]  :  [     0.643,    -1.190,   -28.541  ] 
[0, 2, 1, -1, 1] : [   -61.367,   -28.065, -1862.326  ]  :  [     0.633,    -1.195,   -28.156  ] 
[0, 2, 1, 1, 0] : [    62.467,   -27.795, -1849.480  ]  :  [     0.467,    -0.925,   -27.230  ] 
[0, 2, 1, 1, 1] : [    62.476,   -27.790, -1850.744  ]  :  [     0.476,    -0.920,   -27.614  ] 
[0, 2, 2, -1, 0] : [   -61.669,    35.534, -1854.119  ]  :  [     0.331,    -1.336,   -27.899  ] 
[0, 2, 2, -1, 1] : [   -61.659,    35.539, -1855.384  ]  :  [     0.341,    -1.331,   -28.274  ] 
[0, 2, 2, 1, 0] : [    62.437,    35.946, -1858.438  ]  :  [     0.437,    -0.924,   -27.358  ] 
[0, 2, 2, 1, 1] : [    62.427,    35.941, -1857.173  ]  :  [     0.427,    -0.929,   -26.973  ] 
[0, 2, 3, -1, 0] : [   -61.733,    99.417, -1863.104  ]  :  [     0.267,    -1.193,   -28.054  ] 
[0, 2, 3, -1, 1] : [   -61.743,    99.412, -1861.839  ]  :  [     0.257,    -1.198,   -27.669  ] 
[0, 2, 3, 1, 0] : [    62.070,    99.698, -1848.936  ]  :  [     0.070,    -0.912,   -26.686  ] 
[0, 2, 3, 1, 1] : [    62.080,    99.703, -1850.201  ]  :  [     0.080,    -0.907,   -27.071  ] 
[1, 0, 0, -1, 0] : [   -62.533,   -95.582,    18.552  ]  :  [    -0.533,     0.028,     0.222  ] 
[1, 0, 0, -1, 1] : [   -62.532,   -95.582,    17.287  ]  :  [    -0.532,     0.028,    -0.158  ] 
[1, 0, 0, 1, 0] : [    61.524,   -95.828,    13.460  ]  :  [    -0.476,    -0.218,    -0.010  ] 
[1, 0, 0, 1, 1] : [    61.523,   -95.828,    14.725  ]  :  [    -0.477,    -0.218,     0.370  ] 
[1, 0, 1, -1, 0] : [   -62.328,   -31.828,     9.484  ]  :  [    -0.328,     0.042,    -0.016  ] 
[1, 0, 1, -1, 1] : [   -62.329,   -31.828,    10.749  ]  :  [    -0.329,     0.042,     0.364  ] 
[1, 0, 1, 1, 0] : [    61.563,   -32.099,    22.606  ]  :  [    -0.437,    -0.229,     0.306  ] 
[1, 0, 1, 1, 1] : [    61.564,   -32.100,    21.341  ]  :  [    -0.436,    -0.230,    -0.074  ] 
[1, 0, 2, -1, 0] : [   -62.316,    31.900,    18.499  ]  :  [    -0.316,     0.030,     0.169  ] 
[1, 0, 2, -1, 1] : [   -62.315,    31.900,    17.234  ]  :  [    -0.315,     0.030,    -0.211  ] 
[1, 0, 2, 1, 0] : [    61.803,    31.655,    13.466  ]  :  [    -0.197,    -0.215,    -0.004  ] 
[1, 0, 2, 1, 1] : [    61.802,    31.655,    14.731  ]  :  [    -0.198,    -0.215,     0.376  ] 
[1, 0, 3, -1, 0] : [   -62.054,    95.668,     9.402  ]  :  [    -0.054,     0.058,    -0.098  ] 
[1, 0, 3, -1, 1] : [   -62.055,    95.669,    10.667  ]  :  [    -0.055,     0.059,     0.282  ] 
[1, 0, 3, 1, 0] : [    61.875,    95.395,    22.631  ]  :  [    -0.125,    -0.215,     0.331  ] 
[1, 0, 3, 1, 1] : [    61.876,    95.395,    21.366  ]  :  [    -0.124,    -0.215,    -0.049  ] 
[1, 1, 0, -1, 0] : [   -62.548,  -100.586,    50.100  ]  :  [    -0.548,     0.024,     0.270  ] 
[1, 1, 0, -1, 1] : [   -62.547,  -100.586,    48.835  ]  :  [    -0.547,     0.024,    -0.110  ] 
[1, 1, 0, 1, 0] : [    61.541,  -100.838,    45.037  ]  :  [    -0.459,    -0.228,     0.067  ] 
[1, 1, 0, 1, 1] : [    61.540,  -100.838,    46.302  ]  :  [    -0.460,    -0.228,     0.447  ] 
[1, 1, 1, -1, 0] : [   -62.350,   -36.837,    40.908  ]  :  [    -0.350,     0.033,    -0.092  ] 
[1, 1, 1, -1, 1] : [   -62.551,   -36.833,    42.173  ]  :  [    -0.551,     0.037,     0.288  ] 
[1, 1, 1, 1, 0] : [    61.554,   -37.083,    54.188  ]  :  [    -0.446,    -0.213,     0.388  ] 
[1, 1, 1, 1, 1] : [    61.555,   -37.083,    52.923  ]  :  [    -0.445,    -0.213,     0.008  ] 
[1, 1, 2, -1, 0] : [   -62.280,    26.901,    50.069  ]  :  [    -0.280,     0.031,     0.239  ] 
[1, 1, 2, -1, 1] : [   -62.279,    26.901,    48.804  ]  :  [    -0.279,     0.031,    -0.141  ] 
[1, 1, 2, 1, 0] : [    61.798,    26.647,    44.971  ]  :  [    -0.202,    -0.223,     0.001  ] 
[1, 1, 2, 1, 1] : [    61.797,    26.648,    46.236  ]  :  [    -0.203,    -0.222,     0.381  ] 
[1, 1, 3, -1, 0] : [   -62.101,    90.645,    40.863  ]  :  [    -0.101,     0.035,    -0.137  ] 
[1, 1, 3, -1, 1] : [   -62.102,    90.645,    42.128  ]  :  [    -0.102,     0.035,     0.243  ] 
[1, 1, 3, 1, 0] : [    61.753,    90.398,    54.135  ]  :  [    -0.247,    -0.212,     0.335  ] 
[1, 1, 3, 1, 1] : [    61.754,    90.398,    52.870  ]  :  [    -0.246,    -0.212,    -0.045  ] 
[1, 2, 0, -1, 0] : [   -62.566,   -90.562,    81.547  ]  :  [    -0.566,     0.048,     0.217  ] 
[1, 2, 0, -1, 1] : [   -62.565,   -90.562,    80.282  ]  :  [    -0.565,     0.048,    -0.163  ] 
[1, 2, 0, 1, 0] : [    61.568,   -90.855,    76.502  ]  :  [    -0.432,    -0.245,     0.032  ] 
[1, 2, 0, 1, 1] : [    61.567,   -90.854,    77.767  ]  :  [    -0.433,    -0.244,     0.412  ] 
[1, 2, 1, -1, 0] : [   -62.388,   -26.852,    72.457  ]  :  [    -0.388,     0.018,    -0.043  ] 
[1, 2, 1, -1, 1] : [   -62.389,   -26.852,    73.722  ]  :  [    -0.389,     0.018,     0.337  ] 
[1, 2, 1, 1, 0] : [    61.551,   -27.108,    85.668  ]  :  [    -0.449,    -0.238,     0.368  ] 
[1, 2, 1, 1, 1] : [    61.552,   -27.108,    84.403  ]  :  [    -0.448,    -0.238,    -0.012  ] 
[1, 2, 2, -1, 0] : [   -62.319,    36.896,    81.532  ]  :  [    -0.319,     0.026,     0.202  ] 
[1, 2, 2, -1, 1] : [   -62.318,    36.896,    80.267  ]  :  [    -0.318,     0.026,    -0.178  ] 
[1, 2, 2, 1, 0] : [    61.771,    36.639,    76.411  ]  :  [    -0.229,    -0.231,    -0.059  ] 
[1, 2, 2, 1, 1] : [    61.770,    36.640,    77.676  ]  :  [    -0.230,    -0.230,     0.321  ] 
[1, 2, 3, -1, 0] : [   -62.099,   100.632,    72.354  ]  :  [    -0.099,     0.022,    -0.146  ] 
[1, 2, 3, -1, 1] : [   -62.100,   100.633,    73.619  ]  :  [    -0.100,     0.023,     0.234  ] 
[1, 2, 3, 1, 0] : [    61.842,   100.403,    85.660  ]  :  [    -0.158,    -0.207,     0.360  ] 
[1, 2, 3, 1, 1] : [    61.843,   100.403,    84.395  ]  :  [    -0.157,    -0.207,    -0.020  ] 
[2, 0, 0, -1, 0] : [   -62.033,   -95.479,  1208.396  ]  :  [    -0.033,     0.131,     0.066  ] 
[2, 0, 0, -1, 1] : [   -62.033,   -95.479,  1207.131  ]  :  [    -0.033,     0.131,    -0.319  ] 
[2, 0, 0, 1, 0] : [    61.921,   -95.639,  1203.299  ]  :  [    -0.079,    -0.029,    -0.171  ] 
[2, 0, 0, 1, 1] : [    61.920,   -95.639,  1204.564  ]  :  [    -0.080,    -0.029,     0.204  ] 
[2, 0, 1, -1, 0] : [   -62.075,   -31.804,  1199.213  ]  :  [    -0.075,     0.066,    -0.287  ] 
[2, 0, 1, -1, 1] : [   -62.075,   -31.804,  1200.478  ]  :  [    -0.075,     0.066,     0.098  ] 
[2, 0, 1, 1, 0] : [    61.909,   -31.824,  1212.490  ]  :  [    -0.091,     0.046,     0.190  ] 
[2, 0, 1, 1, 1] : [    61.910,   -31.824,  1211.225  ]  :  [    -0.090,     0.046,    -0.195  ] 
[2, 0, 2, -1, 0] : [   -61.969,    32.010,  1208.444  ]  :  [     0.031,     0.140,     0.114  ] 
[2, 0, 2, -1, 1] : [   -61.968,    32.010,  1207.179  ]  :  [     0.032,     0.140,    -0.271  ] 
[2, 0, 2, 1, 0] : [    61.954,    31.874,  1203.270  ]  :  [    -0.046,     0.004,    -0.200  ] 
[2, 0, 2, 1, 1] : [    61.954,    31.874,  1204.535  ]  :  [    -0.046,     0.004,     0.175  ] 
[2, 0, 3, -1, 0] : [   -61.924,    95.677,  1199.271  ]  :  [     0.076,     0.067,    -0.229  ] 
[2, 0, 3, -1, 1] : [   -61.925,    95.676,  1200.536  ]  :  [     0.075,     0.066,     0.156  ] 
[2, 0, 3, 1, 0] : [    61.938,    95.648,  1212.508  ]  :  [    -0.062,     0.038,     0.208  ] 
[2, 0, 3, 1, 1] : [    61.939,    95.649,  1211.243  ]  :  [    -0.061,     0.039,    -0.177  ] 
[2, 1, 0, -1, 0] : [   -62.143,  -100.523,  1239.965  ]  :  [    -0.143,     0.087,     0.135  ] 
[2, 1, 0, -1, 1] : [   -62.142,  -100.523,  1238.700  ]  :  [    -0.142,     0.087,    -0.250  ] 
[2, 1, 0, 1, 0] : [    61.955,  -100.645,  1234.785  ]  :  [    -0.045,    -0.035,    -0.185  ] 
[2, 1, 0, 1, 1] : [    61.954,  -100.646,  1236.050  ]  :  [    -0.046,    -0.036,     0.190  ] 
[2, 1, 1, -1, 0] : [   -62.023,   -36.789,  1230.737  ]  :  [    -0.023,     0.081,    -0.263  ] 
[2, 1, 1, -1, 1] : [   -62.223,   -36.789,  1232.002  ]  :  [    -0.223,     0.081,     0.122  ] 
[2, 1, 1, 1, 0] : [    61.904,   -36.811,  1244.007  ]  :  [    -0.096,     0.059,     0.207  ] 
[2, 1, 1, 1, 1] : [    61.905,   -36.811,  1242.742  ]  :  [    -0.095,     0.059,    -0.178  ] 
[2, 1, 2, -1, 0] : [   -62.110,    26.913,  1239.981  ]  :  [    -0.110,     0.043,     0.151  ] 
[2, 1, 2, -1, 1] : [   -62.109,    26.913,  1238.716  ]  :  [    -0.109,     0.043,    -0.234  ] 
[2, 1, 2, 1, 0] : [    62.030,    26.803,  1234.785  ]  :  [     0.030,    -0.067,    -0.185  ] 
[2, 1, 2, 1, 1] : [    62.029,    26.802,  1236.050  ]  :  [     0.029,    -0.068,     0.190  ] 
[2, 1, 3, -1, 0] : [   -62.056,    90.718,  1230.706  ]  :  [    -0.056,     0.108,    -0.294  ] 
[2, 1, 3, -1, 1] : [   -62.056,    90.718,  1231.971  ]  :  [    -0.056,     0.108,     0.091  ] 
[2, 1, 3, 1, 0] : [    61.986,    90.688,  1244.033  ]  :  [    -0.014,     0.078,     0.233  ] 
[2, 1, 3, 1, 1] : [    61.986,    90.688,  1242.768  ]  :  [    -0.014,     0.078,    -0.152  ] 
[2, 2, 0, -1, 0] : [   -62.201,   -90.594,  1271.414  ]  :  [    -0.201,     0.016,     0.084  ] 
[2, 2, 0, -1, 1] : [   -62.200,   -90.594,  1270.149  ]  :  [    -0.200,     0.016,    -0.301  ] 
[2, 2, 0, 1, 0] : [    61.891,   -90.670,  1266.267  ]  :  [    -0.109,    -0.060,    -0.203  ] 
[2, 2, 0, 1, 1] : [    61.890,   -90.671,  1267.532  ]  :  [    -0.110,    -0.061,     0.172  ] 
[2, 2, 1, -1, 0] : [   -62.044,   -26.781,  1262.196  ]  :  [    -0.044,     0.089,    -0.304  ] 
[2, 2, 1, -1, 1] : [   -62.045,   -26.781,  1263.461  ]  :  [    -0.045,     0.089,     0.081  ] 
[2, 2, 1, 1, 0] : [    61.878,   -26.875,  1275.529  ]  :  [    -0.122,    -0.005,     0.229  ] 
[2, 2, 1, 1, 1] : [    61.879,   -26.875,  1274.264  ]  :  [    -0.121,    -0.005,    -0.156  ] 
[2, 2, 2, -1, 0] : [   -62.095,    36.864,  1271.456  ]  :  [    -0.095,    -0.006,     0.126  ] 
[2, 2, 2, -1, 1] : [   -62.094,    36.864,  1270.191  ]  :  [    -0.094,    -0.006,    -0.259  ] 
[2, 2, 2, 1, 0] : [    61.970,    36.810,  1266.238  ]  :  [    -0.030,    -0.060,    -0.232  ] 
[2, 2, 2, 1, 1] : [    61.969,    36.810,  1267.503  ]  :  [    -0.031,    -0.060,     0.143  ] 
[2, 2, 3, -1, 0] : [   -61.981,   100.711,  1262.221  ]  :  [     0.019,     0.101,    -0.279  ] 
[2, 2, 3, -1, 1] : [   -61.982,   100.711,  1263.486  ]  :  [     0.018,     0.101,     0.106  ] 
[2, 2, 3, 1, 0] : [    61.958,   100.608,  1275.508  ]  :  [    -0.042,    -0.002,     0.208  ] 
[2, 2, 3, 1, 1] : [    61.959,   100.608,  1274.243  ]  :  [    -0.041,    -0.002,    -0.177  ] 
[3, 0, 0, -1, 0] : [   -61.454,   -95.692,  2398.428  ]  :  [     0.546,    -0.082,     0.098  ] 
[3, 0, 0, -1, 1] : [   -61.453,   -95.693,  2397.163  ]  :  [     0.547,    -0.083,    -0.287  ] 
[3, 0, 0, 1, 0] : [    62.642,   -95.467,  2393.257  ]  :  [     0.642,     0.143,    -0.213  ] 
[3, 0, 0, 1, 1] : [    62.642,   -95.467,  2394.522  ]  :  [     0.642,     0.143,     0.162  ] 
[3, 0, 1, -1, 0] : [   -61.445,   -31.929,  2389.164  ]  :  [     0.555,    -0.059,    -0.336  ] 
[3, 0, 1, -1, 1] : [   -61.446,   -31.929,  2390.429  ]  :  [     0.554,    -0.059,     0.039  ] 
[3, 0, 1, 1, 0] : [    62.438,   -31.665,  2402.464  ]  :  [     0.438,     0.205,     0.164  ] 
[3, 0, 1, 1, 1] : [    62.439,   -31.665,  2401.199  ]  :  [     0.439,     0.205,    -0.211  ] 
[3, 0, 2, -1, 0] : [   -61.671,    31.768,  2398.391  ]  :  [     0.329,    -0.102,     0.061  ] 
[3, 0, 2, -1, 1] : [   -61.670,    31.768,  2397.126  ]  :  [     0.330,    -0.102,    -0.324  ] 
[3, 0, 2, 1, 0] : [    62.308,    32.055,  2393.157  ]  :  [     0.308,     0.185,    -0.313  ] 
[3, 0, 2, 1, 1] : [    62.307,    32.055,  2394.422  ]  :  [     0.307,     0.185,     0.062  ] 
[3, 0, 3, -1, 0] : [   -61.741,    95.561,  2389.138  ]  :  [     0.259,    -0.049,    -0.362  ] 
[3, 0, 3, -1, 1] : [   -61.742,    95.562,  2390.403  ]  :  [     0.258,    -0.048,     0.013  ] 
[3, 0, 3, 1, 0] : [    62.096,    95.811,  2402.460  ]  :  [     0.096,     0.201,     0.160  ] 
[3, 0, 3, 1, 1] : [    62.096,    95.810,  2401.195  ]  :  [     0.096,     0.200,    -0.215  ] 
[3, 1, 0, -1, 0] : [   -61.490,  -100.711,  2429.938  ]  :  [     0.510,    -0.101,     0.108  ] 
[3, 1, 0, -1, 1] : [   -61.489,  -100.712,  2428.673  ]  :  [     0.511,    -0.102,    -0.277  ] 
[3, 1, 0, 1, 0] : [    62.514,  -100.373,  2424.688  ]  :  [     0.514,     0.237,    -0.282  ] 
[3, 1, 0, 1, 1] : [    62.513,  -100.373,  2425.953  ]  :  [     0.513,     0.237,     0.093  ] 
[3, 1, 1, -1, 0] : [   -61.489,   -36.894,  2420.708  ]  :  [     0.511,    -0.024,    -0.292  ] 
[3, 1, 1, -1, 1] : [   -61.689,   -36.889,  2421.973  ]  :  [     0.311,    -0.019,     0.083  ] 
[3, 1, 1, 1, 0] : [    62.392,   -36.676,  2433.966  ]  :  [     0.392,     0.194,     0.166  ] 
[3, 1, 1, 1, 1] : [    62.393,   -36.676,  2432.701  ]  :  [     0.393,     0.194,    -0.209  ] 
[3, 1, 2, -1, 0] : [   -61.695,    26.763,  2429.857  ]  :  [     0.305,    -0.107,     0.027  ] 
[3, 1, 2, -1, 1] : [   -61.694,    26.762,  2428.592  ]  :  [     0.306,    -0.108,    -0.358  ] 
[3, 1, 2, 1, 0] : [    62.385,    27.065,  2424.723  ]  :  [     0.385,     0.195,    -0.247  ] 
[3, 1, 2, 1, 1] : [    62.384,    27.066,  2425.988  ]  :  [     0.384,     0.196,     0.128  ] 
[3, 1, 3, -1, 0] : [   -61.734,    90.641,  2420.558  ]  :  [     0.266,     0.031,    -0.442  ] 
[3, 1, 3, -1, 1] : [   -61.735,    90.641,  2421.823  ]  :  [     0.265,     0.031,    -0.067  ] 
[3, 1, 3, 1, 0] : [    62.066,    90.816,  2433.976  ]  :  [     0.066,     0.206,     0.176  ] 
[3, 1, 3, 1, 1] : [    62.067,    90.816,  2432.711  ]  :  [     0.067,     0.206,    -0.199  ] 
[3, 2, 0, -1, 0] : [   -61.548,   -90.720,  2461.455  ]  :  [     0.452,    -0.110,     0.125  ] 
[3, 2, 0, -1, 1] : [   -61.547,   -90.720,  2460.190  ]  :  [     0.453,    -0.110,    -0.260  ] 
[3, 2, 0, 1, 0] : [    62.605,   -90.490,  2456.274  ]  :  [     0.605,     0.120,    -0.196  ] 
[3, 2, 0, 1, 1] : [    62.605,   -90.490,  2457.539  ]  :  [     0.605,     0.120,     0.179  ] 
[3, 2, 1, -1, 0] : [   -61.502,   -26.937,  2452.221  ]  :  [     0.498,    -0.067,    -0.279  ] 
[3, 2, 1, -1, 1] : [   -61.503,   -26.936,  2453.486  ]  :  [     0.497,    -0.066,     0.096  ] 
[3, 2, 1, 1, 0] : [    62.425,   -26.652,  2465.510  ]  :  [     0.425,     0.218,     0.210  ] 
[3, 2, 1, 1, 1] : [    62.425,   -26.652,  2464.245  ]  :  [     0.425,     0.218,    -0.165  ] 
[3, 2, 2, -1, 0] : [   -61.773,    36.748,  2461.387  ]  :  [     0.227,    -0.122,     0.057  ] 
[3, 2, 2, -1, 1] : [   -61.772,    36.748,  2460.122  ]  :  [     0.228,    -0.122,    -0.328  ] 
[3, 2, 2, 1, 0] : [    62.391,    36.969,  2456.186  ]  :  [     0.391,     0.099,    -0.284  ] 
[3, 2, 2, 1, 1] : [    62.390,    36.969,  2457.451  ]  :  [     0.390,     0.099,     0.091  ] 
[3, 2, 3, -1, 0] : [   -61.751,   100.567,  2452.179  ]  :  [     0.249,    -0.043,    -0.321  ] 
[3, 2, 3, -1, 1] : [   -61.752,   100.567,  2453.444  ]  :  [     0.248,    -0.043,     0.054  ] 
[3, 2, 3, 1, 0] : [    62.130,   100.832,  2465.492  ]  :  [     0.130,     0.222,     0.192  ] 
[3, 2, 3, 1, 1] : [    62.130,   100.832,  2464.227  ]  :  [     0.130,     0.222,    -0.183  ] 
Mean sensor shift from nominal, and standard deviation, by station (side = 0 only):
Station  0  : Delta (x, y, z) = ( 0.7267751808580621 ,  -0.9821349355861416 ,  -27.772185070120372 ), Sigma (x, y, z) = ( 0.31477875875053823 ,  0.2132601276976902 ,  0.594830383521478 )
Station  1  : Delta (x, y, z) = ( -0.3224711877725473 ,  -0.09485243598311754 ,  0.12095649752030309 ), Sigma (x, y, z) = ( 0.15035597369255976 ,  0.1283730370106299 ,  0.17612319347314295 )
Station  2  : Delta (x, y, z) = ( -0.05665453756663741 ,  0.036941357611556924 ,  -0.03668299096739247 ), Sigma (x, y, z) = ( 0.0599579190187396 ,  0.05976282246081537 ,  0.20563292486874823 )
Station  3  : Delta (x, y, z) = ( 0.3791257253391933 ,  0.05791107837173944 ,  -0.08427350654987247 ), Sigma (x, y, z) = ( 0.15526508194784738 ,  0.13415206546432965 ,  0.2211471542419404 )
Mean layer shift from nominal (side = 0 only):
Layer  0  : Delta (x, y, z) = ( 0.9667531209582592 ,  -0.8338629886183355 ,  -27.76697823415884 )
Layer  1  : Delta (x, y, z) = ( 0.7550531702547865 ,  -1.012504560299206 ,  -27.785426685326456 )
Layer  2  : Delta (x, y, z) = ( 0.4585192513611407 ,  -1.100037257840885 ,  -27.76415029087576 )
Layer  3  : Delta (x, y, z) = ( -0.30816863460421473 ,  -0.08999266809102124 ,  0.11269286539991308 )
Layer  4  : Delta (x, y, z) = ( -0.3291558805981598 ,  -0.09403579372326121 ,  0.13379340309479204 )
Layer  5  : Delta (x, y, z) = ( -0.3300890481152656 ,  -0.10052884613507018 ,  0.1163832240662046 )
Layer  6  : Delta (x, y, z) = ( -0.034812097241515794 ,  0.05770992818386844 ,  -0.0385857465991819 )
Layer  7  : Delta (x, y, z) = ( -0.05722013478983712 ,  0.0440400335686455 ,  -0.025114072848879232 )
Layer  8  : Delta (x, y, z) = ( -0.07793138066855931 ,  0.009074111082156833 ,  -0.046349153454116276 )
Layer  9  : Delta (x, y, z) = ( 0.39666139814204016 ,  0.05517815388198244 ,  -0.09257975587377132 )
Layer  10  : Delta (x, y, z) = ( 0.36871607015664765 ,  0.07881538782588748 ,  -0.0983307328406795 )
Layer  11  : Delta (x, y, z) = ( 0.3719997077188921 ,  0.0397396934073484 ,  -0.06191003093516656 )
